import os
os.environ["CUDA_DEVICE_ORDER"]="PCI_BUS_ID"
os.environ["CUDA_VISIBLE_DEVICES"]="0"

from tensorflow.python.client import device_lib
print(device_lib.list_local_devices())

import notebook_util
notebook_util.pick_gpu_lowest_memory()
I69Rm2aX6haa

CUDA_VISIBLE_DEVICES=1 python3 2b4.py

Test Accuracy for 95 and 100 is 0.3665

Test Accuracy for 100 and 100 is 0.374
Best test accuracy after search is 90 and 100 with accuracy 0.384
[[0.32100001 0.31549999 0.31650001 0.31299999 0.31       0.33700001
  0.33899999 0.338      0.32600001 0.3265     0.33500001 0.34150001
  0.35699999 0.33500001 0.33899999 0.33050001 0.34200001 0.34450001
  0.37650001 0.35800001]
 [0.23999999 0.26499999 0.338      0.32350001 0.31150001 0.333
  0.34450001 0.34099999 0.32550001 0.33649999 0.32350001 0.347
  0.333      0.35100001 0.33649999 0.34400001 0.361      0.3515
  0.34549999 0.347     ]
 [0.3285     0.324      0.322      0.32749999 0.3145     0.3105
  0.34200001 0.322      0.308      0.34099999 0.31650001 0.34200001
  0.32449999 0.36199999 0.34850001 0.35249999 0.3355     0.345
  0.3425     0.3495    ]
 [0.301      0.33649999 0.33500001 0.33750001 0.324      0.3475
  0.34150001 0.32699999 0.3335     0.33500001 0.3495     0.3475
  0.33750001 0.34400001 0.34549999 0.33950001 0.34150001 0.34150001
  0.34599999 0.35499999]
 [0.331      0.31900001 0.34349999 0.3335     0.33149999 0.336
  0.34799999 0.34349999 0.333      0.33899999 0.34200001 0.34099999
  0.3475     0.35749999 0.35100001 0.34799999 0.3475     0.34799999
  0.35049999 0.347     ]
 [0.329      0.31299999 0.34650001 0.34400001 0.3265     0.34650001
  0.3405     0.33700001 0.3495     0.33199999 0.34349999 0.33199999
  0.34400001 0.3405     0.33899999 0.34099999 0.36300001 0.33250001
  0.34599999 0.34549999]
 [0.33849999 0.34150001 0.33000001 0.33700001 0.3475     0.34549999
  0.347      0.33750001 0.33399999 0.33849999 0.3405     0.34549999
  0.345      0.33700001 0.35350001 0.33899999 0.35749999 0.3515
  0.347      0.35049999]
 [0.338      0.33399999 0.34549999 0.34299999 0.33700001 0.34099999
  0.33500001 0.34       0.34799999 0.34850001 0.338      0.34299999
  0.336      0.34400001 0.36199999 0.35299999 0.35949999 0.35800001
  0.3475     0.36500001]
 [0.3515     0.33399999 0.33950001 0.3425     0.3495     0.33700001
  0.352      0.3425     0.35749999 0.34099999 0.35049999 0.34150001
  0.3515     0.34       0.338      0.345      0.3475     0.35600001
  0.3565     0.34900001]
 [0.30899999 0.32249999 0.34799999 0.34900001 0.3495     0.3565
  0.34650001 0.34850001 0.34299999 0.34450001 0.35550001 0.34299999
  0.347      0.35550001 0.34999999 0.36149999 0.33849999 0.3355
  0.35600001 0.35800001]
 [0.35749999 0.3285     0.345      0.35499999 0.34299999 0.34400001
  0.347      0.36149999 0.34200001 0.352      0.36000001 0.3475
  0.3585     0.34900001 0.35949999 0.34999999 0.34900001 0.37
  0.35350001 0.35049999]
 [0.3425     0.35299999 0.36750001 0.36500001 0.35550001 0.34799999
  0.34799999 0.35800001 0.3545     0.3495     0.36149999 0.366
  0.36300001 0.3475     0.34349999 0.35100001 0.3585     0.36500001
  0.36750001 0.35749999]
 [0.3495     0.35949999 0.33050001 0.354      0.34099999 0.33899999
  0.3495     0.3565     0.34650001 0.34900001 0.3405     0.352
  0.345      0.35350001 0.34200001 0.354      0.361      0.35699999
  0.37200001 0.36649999]
 [0.2965     0.36199999 0.352      0.34349999 0.3515     0.354
  0.38049999 0.36649999 0.3475     0.34999999 0.36649999 0.36149999
  0.35699999 0.3515     0.36399999 0.37099999 0.366      0.366
  0.36449999 0.35949999]
 [0.3565     0.3515     0.36050001 0.361      0.359      0.3565
  0.35949999 0.35100001 0.35049999 0.36199999 0.36250001 0.3635
  0.34650001 0.36700001 0.3705     0.37149999 0.37400001 0.368
  0.36950001 0.36700001]
 [0.33700001 0.35350001 0.35800001 0.34900001 0.37149999 0.368
  0.36500001 0.34549999 0.3655     0.35350001 0.347      0.352
  0.37799999 0.36000001 0.368      0.37       0.35299999 0.35800001
  0.36399999 0.36449999]
 [0.36050001 0.36199999 0.34450001 0.36050001 0.35100001 0.34999999
  0.34999999 0.35800001 0.35299999 0.354      0.35550001 0.3545
  0.3725     0.35800001 0.37099999 0.3635     0.37400001 0.3635
  0.36899999 0.36149999]
 [0.34450001 0.34850001 0.366      0.36250001 0.37349999 0.34650001
  0.3425     0.3725     0.3545     0.35049999 0.359      0.36250001
  0.36300001 0.36849999 0.36300001 0.37       0.37099999 0.37149999
  0.36950001 0.384     ]
 [0.36750001 0.3515     0.3545     0.3585     0.3565     0.35949999
  0.3705     0.354      0.3635     0.36899999 0.35800001 0.37149999
  0.36849999 0.37400001 0.3655     0.3725     0.36750001 0.37149999
  0.36000001 0.373     ]
 [0.377      0.3725     0.34400001 0.36899999 0.36050001 0.36050001
  0.36300001 0.36950001 0.375      0.368      0.3705     0.36750001
  0.35949999 0.36899999 0.36700001 0.36000001 0.3705     0.37450001
  0.38       0.37400001]]
